11
0
10 1 1909 2 1810 3 1647 4 1364 5 1086 6 954 7 842 8 663 9 407 10 212 
1
10 2 3217 3 3013 4 2436 0 1909 5 1903 6 1662 7 1452 8 1148 9 698 10 319 
2
10 3 3510 1 3217 4 2934 5 2284 6 1991 0 1810 7 1703 8 1324 9 814 10 356 
3
10 2 3510 4 3105 1 3013 5 2497 6 2212 7 1829 0 1647 8 1442 9 867 10 372 
4
10 3 3105 2 2934 5 2904 6 2582 1 2436 7 2199 8 1701 0 1364 9 977 10 449 
5
10 4 2904 6 2894 3 2497 7 2429 2 2284 1 1903 8 1891 9 1107 0 1086 10 474 
6
10 5 2894 7 2781 4 2582 8 2235 3 2212 2 1991 1 1662 9 1321 0 954 10 608 
7
10 6 2781 8 2725 5 2429 4 2199 3 1829 2 1703 9 1680 1 1452 0 842 10 769 
8
10 7 2725 6 2235 5 1891 9 1885 4 1701 3 1442 2 1324 1 1148 10 942 0 663 
9
10 8 1885 7 1680 6 1321 5 1107 4 977 3 867 10 816 2 814 1 698 0 407 
10
10 8 942 9 816 7 769 6 608 5 474 4 449 3 372 2 356 1 319 0 212 
